<RandomEngineStates>
<Event>
<ModuleLabel>
VtxSmeared
</ModuleLabel>
<SeedLength>
1
</SeedLength>
<InitialSeeds>
    885377281
</InitialSeeds>
<FullStateLength>
202
</FullStateLength>
<FullState>
   2226355706   1071794432   3221225472   1067024372            0   1070185915            0   1071318995   1073741824   1072088948
            0   1071899393   1073741824   1072308870   2147483648   1069229383            0   1071470692   3221225472   1067085868
            0   1071808143    536870912   1072260675            0   1069571854   2147483648   1072582045   2147483648   1070242889
            0   1069788020            0   1072545107    536870912   1070823812            0   1072326185   1073741824   1072541791
   1610612736   1066074160            0   1069352176            0   1069080666            0   1071461082   1073741824   1071522591
   1073741824   1070847472   2147483648   1071806690   3221225472   1070303924            0   1071841920   1073741824   1070976264
            0   1072349508   1073741824   1070717817   3221225472   1070690548   3221225472   1071608090   3221225472   1068777471
            0   1067908698            0   1072187525   2147483648   1072644684   3221225472   1070228166   2147483648   1072011541
   3758096384   1067827138            0   1071591872   1073741824   1071388386   2147483648   1069616685   2147483648   1070642430
   3221225472   1071197823   2147483648   1068672500            0   1072680699   3221225472   1072523525   2147483648   1071281848
   2147483648   1072223960   1073741824   1072129057   1610612736   1072383796   2147483648   1071926875   1073741824   1072530453
   1610612736   1069582255            0   1071316624            0   1072273819   1073741824   1071630365            0   1070268534
            0   1072457704    536870912   1072344347   1073741824   1071711688   2147483648   1071489876   2147483648   1071536013
   1073741824   1071789138   2684354560   1070554487   2147483648   1071632707   3221225472   1072049140   3758096384   1070717390
   2147483648   1072241370   3758096384   1070818002   2147483648   1070861765   2147483648   1068734995            0   1071070380
   3221225472   1072418151   1073741824   1070288243   2147483648   1070073211            0   1072522534   2684354560   1072325732
   3758096384   1067731126            0   1072328004   2684354560   1071211660   2147483648   1071257883            0   1071078690
   2147483648   1070970985   2147483648   1070401394   2147483648   1069465911            0   1071627048   3221225472   1071821830
    536870912   1071829403   3758096384   1068402930            0   1072098417            0   1071796110   3221225472   1072160169
   1073741824   1072632457   3758096384   1072056695   2147483648   1072653840   2684354560   1071461100   1073741824   1072693247
   2684354560           87
</FullState>
<ModuleLabel>
generator
</ModuleLabel>
<SeedLength>
1
</SeedLength>
<InitialSeeds>
    526433721
</InitialSeeds>
<FullStateLength>
202
</FullStateLength>
<FullState>
   2226355706   1072209440   3221225472   1068962569            0   1071275180   1073741824   1071026464   2147483648   1071405628
   1073741824   1067144296            0   1069115165            0   1072329302    536870912   1072227417   1073741824   1070732321
            0   1072494116    536870912   1071376804   2147483648   1070957132   2147483648   1070899753            0   1068221996
            0   1069591329            0   1072579646            0   1070472007            0   1072419336   3758096384   1072344477
   3758096384   1070897347   1073741824   1071146013   1073741824   1060916480            0   1071593545            0   1070243690
            0   1070904786   2147483648   1071676817   3221225472   1071589728   1073741824   1072532157   3758096384   1070778537
            0   1071737231    536870912   1070983602   3221225472   1070194611   2147483648   1072031765   2147483648   1070193538
   2147483648   1072258908   1073741824   1072656637   3221225472   1072255530   2147483648   1071664148   2147483648   1071767208
   2684354560   1072439780   3758096384   1072649185   1073741824   1069396783            0   1069146178            0   1072075154
   1610612736   1071875626   3758096384   1072632437   2684354560   1072245899   1073741824   1070252266            0   1070309016
   2147483648   1072353340    536870912   1069452314            0   1070322012            0   1072297207    536870912   1072143305
            0   1070970568            0   1071715541    536870912   1072622604   1610612736   1071919941   2684354560   1071699465
   1610612736   1071616010            0   1072596784    536870912   1072191819   3221225472   1072452233   1073741824   1069893307
   2147483648   1071176314   3221225472   1072255856   2684354560   1071872846   1073741824   1072066339   3758096384   1072620677
   2147483648   1072316390   2147483648   1071738286   1610612736   1072003959   2147483648   1071174240   3221225472   1071145164
   1073741824   1068915899            0   1070909940   3221225472   1072014713   3221225472   1071487310            0   1071075079
   1073741824   1072629361   3758096384   1071953341   1073741824   1071399622   2147483648   1070744963   3221225472   1069486834
            0   1069992799            0   1071735116   1610612736   1072015014   2684354560   1071304494            0   1071841208
            0   1069957533            0   1071322402            0   1070807067   3221225472   1072370694   1073741824   1066625824
            0   1068225628            0   1071764413   1610612736   1069832459   2147483648   1071461100   1073741824   1072693247
   2684354560           81
</FullState>
</Event>
<Lumi>
<ModuleLabel>
VtxSmeared
</ModuleLabel>
<SeedLength>
1
</SeedLength>
<InitialSeeds>
    885377282
</InitialSeeds>
<FullStateLength>
202
</FullStateLength>
<FullState>
   2226355706   1072387383   2147483648   1070946586   3221225472   1072409437   2147483648   1071990909    536870912   1071832039
            0   1071571241   2147483648   1068148844            0   1070838794   3221225472   1069236215            0   1067338020
            0   1069836236            0   1072606099   1073741824   1070491256   2147483648   1070117967            0   1069753874
   2147483648   1063876640            0   1072580840   1610612736   1072343649   3758096384   1071191575            0   1068504153
            0   1066431412            0   1072390388            0   1072175776   2684354560   1070847289            0   1072550614
   3221225472   1071757149   2147483648   1069347559            0   1071884542   1073741824   1072086346   2147483648   1072464542
   2684354560   1069254367            0   1072648202   2684354560   1071705066   3758096384   1069251511            0   1071327616
   1073741824   1070420023            0   1070444003   2147483648   1067478304            0   1064986576            0   1068156784
            0   1070440103   2147483648   1070720835   1073741824   1071876004   3221225472   1071747511   3758096384   1072105607
            0   1071989419    536870912   1072019076    536870912   1072098154            0   1071437748   2147483648   1070678944
            0   1071967271    536870912   1071704075   2147483648   1072503832   1073741824   1070117875            0   1072200000
   2147483648   1071069198            0   1071761907            0   1071815094   3221225472   1071707687   1073741824   1067896618
            0   1072077544   2684354560   1069866760            0   1068949360            0   1071793211   2147483648   1071564989
   2147483648   1070424546   2147483648   1071477280   1073741824   1070948449   1073741824   1072263763   3758096384   1072286473
   3758096384   1072456723   2147483648   1068869113            0   1072269904   2147483648   1072523269   3221225472   1072437450
            0   1071596201   1073741824   1072013489   2147483648   1069126117            0   1067939250            0   1072334091
            0   1071063407            0   1069841278            0   1071526678   1073741824   1069608628   2147483648   1072035227
   2684354560   1068319420            0   1072292185   3221225472   1072157675    536870912   1071497445   3221225472   1072405606
   2147483648   1068910822            0   1071735748   1610612736   1072256535   1610612736   1071889690   2147483648   1071660661
            0   1071555704   3221225472   1070937662   2147483648   1066802960            0   1071461100   1073741824   1072693247
   2684354560           32
</FullState>
<ModuleLabel>
generator
</ModuleLabel>
<SeedLength>
1
</SeedLength>
<InitialSeeds>
    526433722
</InitialSeeds>
<FullStateLength>
202
</FullStateLength>
<FullState>
   2226355706   1070629612            0   1072203246   3758096384   1071383965   1073741824   1072513135   2147483648   1070793481
            0   1072648397   2147483648   1071448638   1073741824   1070905564   3221225472   1072623504   3758096384   1071938588
    536870912   1072638030   2684354560   1072651815   2147483648   1068023894            0   1071843312   3221225472   1071608265
   3221225472   1071612333   3221225472   1072559425   3758096384   1072308786            0   1072367486            0   1072167027
    536870912   1071234222   2147483648   1071745156            0   1072563673   2684354560   1066610144            0   1071367899
   3221225472   1072135458    536870912   1072230115   3758096384   1071133549   2147483648   1072001903   3221225472   1071604271
            0   1069826807   2147483648   1072010485   3221225472   1072134531   2684354560   1071674434   1073741824   1071138210
   1073741824   1072362305            0   1072692627   3758096384   1071142457   3221225472   1071622169   2147483648   1068713287
            0   1070712599   3221225472   1070722382   1073741824   1071834698   3221225472   1071065631   3221225472   1069735260
            0   1072274458   1073741824   1070088913            0   1071806161   1073741824   1070785385   2147483648   1072621059
   1073741824   1069181303            0   1071866925   1610612736   1071921821    536870912   1070801110   1073741824   1071874723
   3221225472   1072120450   2684354560   1071260505   1073741824   1070451357   2147483648   1071302429            0   1070057232
            0   1070733928            0   1071864826   2147483648   1071232885   2147483648   1070802490            0   1072010586
   2147483648   1070398107            0   1070766687   3221225472   1071879484   3758096384   1071403328   2147483648   1071440702
   1073741824   1072478365   3758096384   1072348991   1073741824   1071180659   3221225472   1072627731   3758096384   1072009804
   1073741824   1072108752   1073741824   1070669298   3221225472   1070012739            0   1070714982   3221225472   1071878387
   1073741824   1071694168   2684354560   1071098839            0   1071878183            0   1072428468    536870912   1072310165
   1073741824   1072515910   1610612736   1071730502   1073741824   1071350290   3221225472   1072647302   1073741824   1070661703
   1073741824   1070988282            0   1070994301   3221225472   1071792049    536870912   1066256008            0   1070737016
   2147483648   1066779024            0   1067077500            0   1066802960            0   1071461100   1073741824   1072693247
   2684354560           32
</FullState>
</Lumi>
</RandomEngineStates>
